100000 2 0.060835
100000 2 0.069070
100000 2 0.069194
100000 2 0.061758
100000 2 0.062029
100000 2 0.062097
100000 2 0.061402
100000 2 0.063336
100000 2 0.062530
100000 2 0.105373
100000 4 0.997862
100000 4 0.172713
100000 4 0.152364
100000 4 0.171686
100000 4 0.132199
100000 4 0.138186
100000 4 0.206902
100000 4 0.212284
100000 4 0.149516
100000 4 0.151396
100000 6 0.129053
100000 6 0.162863
100000 6 0.123331
100000 6 0.200289
100000 6 0.141390
100000 6 0.173168
100000 6 0.178701
100000 6 0.154043
100000 6 0.130465
100000 6 0.173069
100000 8 0.166767
100000 8 0.162465
100000 8 0.142496
100000 8 0.221555
100000 8 0.172036
100000 8 0.193184
100000 8 0.157078
100000 8 0.177514
100000 8 0.203377
100000 8 0.147627
500000 2 0.358972
500000 2 0.364996
500000 2 0.359568
500000 2 0.357911
500000 2 0.358401
500000 2 0.593999
500000 2 0.360573
500000 2 0.423133
500000 2 0.366527
500000 2 0.601836
500000 4 0.379237
500000 4 0.369527
500000 4 0.306547
500000 4 0.422017
500000 4 0.409153
500000 4 0.386922
500000 4 0.280828
500000 4 0.300036
500000 4 0.380552
500000 4 0.413859
500000 6 0.320514
500000 6 0.273714
500000 6 0.241166
500000 6 0.235586
500000 6 0.322196
500000 6 0.298733
500000 6 0.246368
500000 6 0.374495
500000 6 0.303600
500000 6 0.311438
500000 8 0.290309
500000 8 0.227925
500000 8 0.277006
500000 8 0.318455
500000 8 0.337383
500000 8 0.304887
500000 8 0.216150
500000 8 0.328657
500000 8 0.282360
500000 8 0.322818
1000000 2 0.742932
1000000 2 1.259770
1000000 2 0.736950
1000000 2 0.734737
1000000 2 0.737274
1000000 2 0.740085
1000000 2 0.737812
1000000 2 0.779856
1000000 2 0.744353
1000000 2 1.248566
1000000 4 0.705806
1000000 4 1.582657
1000000 4 0.675841
1000000 4 0.754932
1000000 4 0.702054
1000000 4 0.663353
1000000 4 0.463814
1000000 4 0.679781
1000000 4 0.481958
1000000 4 0.668155
1000000 6 0.605666
1000000 6 0.561730
1000000 6 0.519530
1000000 6 0.539175
1000000 6 0.509386
1000000 6 0.583111
1000000 6 0.540248
1000000 6 0.421956
1000000 6 0.513754
1000000 6 0.566598
1000000 8 0.462899
1000000 8 0.367778
1000000 8 0.447699
1000000 8 0.465213
1000000 8 0.428585
1000000 8 0.379585
1000000 8 0.483505
1000000 8 0.389608
1000000 8 0.379392
1000000 8 0.415806
5000000 2 7.493634
5000000 2 7.453753
5000000 2 7.456860
5000000 2 7.977723
5000000 2 8.560458
5000000 2 7.966826
5000000 2 7.513724
5000000 2 7.606672
5000000 2 7.493264
5000000 2 8.039982
5000000 4 3.870141
5000000 4 4.009430
5000000 4 4.511302
5000000 4 4.329309
5000000 4 4.055180
5000000 4 4.350822
5000000 4 3.842222
5000000 4 4.179056
5000000 4 3.342269
5000000 4 4.122027
5000000 6 2.575264
5000000 6 2.436921
5000000 6 2.531062
5000000 6 2.440470
5000000 6 2.566197
5000000 6 2.675492
5000000 6 2.611984
5000000 6 2.522090
5000000 6 3.812238
5000000 6 2.795286
5000000 8 1.823820
5000000 8 1.847015
5000000 8 1.825026
5000000 8 1.858906
5000000 8 1.831270
5000000 8 1.864842
5000000 8 1.836139
5000000 8 1.872971
5000000 8 1.875696
5000000 8 1.754478
10000000 2 15.234519
10000000 2 15.105960
10000000 2 16.345076
10000000 2 15.582989
10000000 2 14.891470
10000000 2 15.169381
10000000 2 15.489752
10000000 2 15.907440
10000000 2 15.624631
10000000 2 15.595572
10000000 4 7.966652
10000000 4 9.007123
10000000 4 8.883157
10000000 4 8.883162
10000000 4 8.569405
10000000 4 9.292292
10000000 4 8.317042
10000000 4 9.012497
10000000 4 8.955697
10000000 4 8.317521
10000000 6 5.771366
10000000 6 5.877231
10000000 6 5.607760
10000000 6 6.235096
10000000 6 5.710116
10000000 6 5.959636
10000000 6 5.900628
10000000 6 5.696825
10000000 6 5.676868
10000000 6 5.723068
10000000 8 4.281709
10000000 8 4.045621
10000000 8 4.335534
10000000 8 4.508740
10000000 8 4.303563
10000000 8 4.269212
10000000 8 4.179023
10000000 8 4.196162
10000000 8 4.280531
10000000 8 4.278786
