100000 0.148999
100000 0.151970
100000 0.149957
100000 0.147984
100000 0.148984
100000 0.146974
100000 0.148985
100000 0.146971
100000 0.149961
100000 0.146958
500000 0.784965
500000 0.777980
500000 0.785955
500000 0.795961
500000 0.784954
500000 0.777962
500000 0.784949
500000 0.778944
500000 0.784956
500000 0.777942
1000000 1.615935
1000000 1.622918
1000000 1.613860
1000000 1.615923
1000000 1.614830
1000000 1.619852
1000000 1.613865
1000000 1.620807
1000000 1.609908
1000000 1.618841
5000000 10.024571
5000000 10.351999
5000000 10.103087
5000000 10.120003
5000000 10.090028
5000000 10.116019
5000000 10.458582
5000000 10.201453
5000000 10.121509
5000000 10.141564
10000000 20.251183
10000000 20.812889
10000000 20.106966
10000000 20.108035
10000000 20.322136
10000000 20.065113
10000000 20.093871
10000000 20.304887
10000000 20.104961
10000000 20.112160
